6689 2970
13291 4911
19668 6358
25889 7711
32213 9009
39027 10297
45465 11470
52073 12578
58555 13601
65016 14570
71539 15493
78329 16387
84864 17202
91223 18011
97714 18819
104434 19597
110966 20410
117545 21184
123747 21829
130675 22624
137143 23244
143812 23857
150296 24442
156724 25079
162898 25724
169259 26337
175952 27000
182552 27644
188990 28278
195430 28925
201792 29490
208109 30045
214612 30619
220926 31155
227256 31727
233904 32320
240282 32871
246852 33403
253411 33946
259918 34529
266319 35017
272729 35536
279167 36059
285592 36517
292067 36974
298622 37463
305122 37944
311755 38423
318505 38929
324759 39346
331205 39839
337603 40280
344007 40733
350527 41131
357085 41538
363670 41959
370319 42374
376941 42749
383502 43163
390109 43541
396696 43985
403558 44397
410504 44856
417043 45278
423845 45707
430575 46102
437382 46478
443928 46850
450609 47231
457256 47627
463837 48006
470560 48384
477392 48788
484084 49189
490536 49556
497354 49886
503870 50248
510795 50641
517363 51023
523899 51440
530551 51819
537073 52184
543437 52551
550056 52907
556832 53273
563567 53623
570203 53976
576812 54326
583419 54626
589866 54916
596442 55253
602882 55547
609456 55878
615870 56193
622160 56477
628932 56813
635674 57168
642198 57505
648829 57785
655325 58059
661897 58416
668344 58703
674913 59018
681383 59321
687874 59597
694377 59915
701113 60238
707872 60549
714747 60871
721302 61128
727826 61426
734439 61764
741045 62075
747335 62380
753955 62680
760910 63020
767575 63348
774217 63666
780859 63941
787547 64261
793975 64544
800624 64835
807137 65147
813598 65428
820198 65731
826925 66065
833588 66346
839993 66618
846552 66922
853015 67224
859562 67497
866072 67791
872557 68066
879133 68299
885563 68565
892221 68823
898786 69082
905244 69337
911783 69615
918509 69899
925133 70224
931940 70503
938575 70794
945308 71057
951924 71338
958671 71584
964893 71830
971350 72062
977729 72338
984131 72649
990339 72924
996902 73191
1003323 73453
1009730 73767
1016274 74053
1022957 74319
1029701 74602
1036417 74876
1042927 75193
1049430 75464
1055926 75756
1062185 76020
1068772 76300
1075322 76554
1081861 76822
1088143 77079
1094481 77344
1100980 77631
1107524 77951
1114211 78224
1120897 78488
1127597 78770
1134168 79073
1140818 79311
1147234 79598
1153532 79864
1160200 80137
1166801 80428
1173278 80690
1179941 81017
1186565 81294
1193140 81580
1199994 81864
1206720 82145
1213448 82430
1220108 82700
1226758 82960
1233771 83247
1240600 83518
1247232 83825
1253770 84102
1260555 84414
1267433 84721
1273890 84975
1280403 85222
1287223 85456
1294026 85747
1300727 86006
1307326 86279
1313909 86516
1320265 86748
1326903 86996
1333589 87289
1340298 87558
1346961 87814
1353627 88049
1360267 88311
1366849 88537
1373548 88797
1380340 89044
1386998 89308
1393832 89531
1400689 89800
1407439 90060
1414054 90292
1420642 90552
1427368 90780
1433929 91030
1440435 91272
1447132 91523
1453647 91759
1460473 92019
1467088 92251
1473688 92484
1480379 92715
1487268 92971
1493919 93225
1500612 93445
1507455 93698
1514471 93953
1521418 94241
1528427 94503
1535217 94740
1541933 94947
1548644 95157
1555508 95400
1562437 95620
1569177 95857
1576074 96120
1583117 96374
1590094 96648
1596777 96919
1603574 97170
1610448 97406
1617243 97640
1623793 97841
1630573 98057
1637407 98283
1644179 98510
1651002 98731
1657690 98972
1664443 99200
1671325 99445
1678279 99664
1684946 99893
1691646 100120
1698552 100344
1705245 100607
1711945 100812
1718812 101056
1725375 101269
1732180 101493
1738846 101735
1745914 101990
1752662 102218
1759717 102473
1766673 102716
1773297 102882
1780136 103098
1786716 103348
1793457 103596
1800231 103845
1807063 104081
1813911 104318
1820791 104577
1827513 104841
1834361 105083
1841155 105334
1847927 105578
1854608 105812
1861201 106046
1868034 106272
1874677 106485
1881379 106728
1888377 106950
1895292 107176
1902288 107439
1909097 107656
1915759 107898
1922728 108150
1929449 108382
1936201 108616
1943232 108821
1950208 109065
1956975 109286
1963800 109463
1970447 109667
1977261 109893
1983920 110118
1990954 110350
1997888 110593
2004817 110826
2011928 111043
2019008 111242
2025911 111454
2032919 111663
2039160 111839
2045661 112051
2052666 112227
2059456 112427
2066442 112631
2073456 112857
2080503 113060
2087591 113285
2094698 113523
2101557 113750
2108429 113982
2115315 114192
2122158 114414
2129168 114596
2136018 114777
2143031 114995
2149914 115215
2156807 115379
2163777 115556
2170486 115769
2177176 115966
2184325 116213
2190970 116423
2197955 116612
2204692 116784
2211607 116971
2218525 117195
2225529 117420
2232439 117643
2239405 117853
2246717 118031
2253862 118282
2260778 118529
2267717 118749
2274604 118985
2281582 119192
2288511 119392
2295653 119620
2302555 119809
2309435 120016
2316205 120213
2323123 120413
2330114 120595
2336887 120789
2343371 120964
2349939 121143
2356556 121349
2363629 121538
2370735 121718
2377348 121917
2384306 122142
2391162 122335
2398114 122573
2405086 122777
2411768 122970
2418488 123173
2425350 123378
2432516 123582
2439515 123839
2446477 124030
2453463 124242
2460228 124431
2466997 124640
2473785 124841
2480975 125048
2487936 125209
2494847 125394
2501563 125612
2508364 125819
2515143 126031
2522085 126241
2529022 126431
2535833 126633
2542894 126835
2549816 127020
2556660 127209
2563688 127397
2570574 127604
2577398 127814
2584206 127996
2591041 128198
2598281 128401
2605469 128594
2612479 128809
2619458 129005
2626474 129187
2633385 129374
2640424 129559
2647375 129745
2654489 129928
2661423 130105
2668407 130301
2675121 130492
2682222 130699
2689067 130889
2695789 131087
2702523 131257
2709332 131455
2716131 131625
2722903 131791
2729087 131931
2736068 132097
2742882 132261
2749775 132421
2756426 132615
2763370 132828
2770254 133016
2776971 133207
2783968 133417
2791029 133626
2797970 133810
2804630 133997
2811301 134153
2817945 134337
2824678 134528
2831378 134727
2838203 134931
2845160 135119
2851805 135294
2858828 135493
2865758 135671
2872743 135850
2879770 136007
2886736 136203
2893878 136389
2900881 136576
2908201 136780
2915118 136970
2922312 137134
2929261 137321
2936322 137476
2943359 137640
2950440 137808
2957369 137977
2964386 138176
2971402 138390
2978474 138570
2985349 138733
2992095 138897
2998273 139027
3004160 139170
3010999 139344
3017984 139531
3024759 139723
3031384 139920
3038157 140081
3044810 140262
3051569 140422
3058624 140594
3065562 140748
3072133 140928
3079111 141111
3085767 141303
3092448 141486
3099046 141686
3105699 141859
3112156 142019
3118454 142145
3123730 142264
3128727 142389
3135187 142550
3142119 142738
3148699 142913
3155725 143076
3162410 143274
3169120 143467
3175884 143644
3182755 143827
3189485 144015
3196208 144203
3203043 144407
3209667 144585
3216092 144745
3223122 144922
3230069 145128
3236914 145300
3243831 145481
3250413 145650
3257136 145817
3263960 145969
3270698 146139
3277330 146329
3284161 146506
3290907 146680
3297836 146847
3304672 147033
3311496 147201
3318317 147364
3325415 147530
3332725 147712
3339313 147870
3346022 148029
3352623 148180
3359428 148343
3366015 148534
3372943 148704
3379622 148872
3386043 149031
3392782 149176
3399333 149345
3405761 149503
3412660 149667
3419464 149838
3425806 149983
3432236 150112
3438862 150290
3445381 150450
3451924 150588
3458344 150751
3464937 150906
3471832 151101
3478253 151237
3485285 151449
3492151 151621
3498895 151798
3505971 151945
3512682 152092
3519411 152263
3526112 152440
3532889 152588
3539653 152718
3546441 152898
3553273 153063
3560033 153222
3566841 153368
3573423 153522
3579958 153688
3586649 153865
3592802 154029
3599135 154172
3605869 154365
3612739 154527
3619349 154676
3625905 154833
3632693 155022
3639116 155181
3645652 155326
3652575 155478
3659241 155646
3665937 155825
3672866 155979
3679852 156142
3686945 156336
3693733 156496
3700331 156652
3707197 156815
3714105 156983
3720815 157163
3727559 157333
3734298 157485
3741047 157647
3748066 157810
3754856 157964
3761591 158126
3768325 158276
3774878 158459
3781038 158596
3787719 158775
3794551 158935
3801781 159090
3808589 159251
3815358 159412
3822164 159583
3828822 159740
3835813 159897
3842613 160068
3849583 160228
3856537 160390
3863283 160532
3870197 160696
3876938 160842
3883795 160991
3890594 161151
3897464 161315
3904378 161474
3911215 161634
3918015 161770
3924828 161930
3931744 162066
3938515 162244
3945194 162411
3951937 162581
3958741 162753
3965587 162925
3972457 163077
3979131 163251
3985833 163422
3992614 163576
3999648 163751
4006839 163896
4013700 164068
4020683 164241
4027970 164409
4035113 164561
4041941 164722
4048917 164904
4055769 165061
4062887 165258
4069843 165417
4076561 165575
4083433 165721
4090256 165878
4097041 166040
4103966 166161
4111027 166318
4117978 166479
4124607 166612
4130769 166770
4136779 166904
4143556 167078
4150449 167232
4157468 167401
4164586 167539
4171609 167708
4179043 167852
4186323 168018
4193314 168152
4200442 168294
4207195 168441
4214304 168607
4221283 168760
4228047 168914
4235015 169073
4242067 169227
4249082 169368
4256172 169533
4263628 169652
4270575 169822
4277891 169974
4284993 170109
4292107 170250
4298825 170391
4306032 170543
4313178 170678
4320266 170840
4327442 171005
4334363 171164
4341524 171330
4348526 171514
4355394 171658
4362613 171795
4369856 171930
4376878 172090
4384024 172265
4391138 172426
4398341 172587
4405680 172748
4412850 172926
4419655 173084
4426615 173240
4433369 173396
4440402 173524
4447246 173693
4454431 173874
4461721 174041
4468827 174176
4475867 174336
4483242 174492
4490524 174636
4497794 174789
4504778 174958
4511764 175102
4518718 175266
4525832 175411
4533241 175545
4540163 175662
4547246 175792
4554249 175949
4561346 176077
4568359 176247
4575420 176407
4582499 176584
4589854 176743
4596885 176912
4603769 177074
4610634 177219
4617555 177368
4624394 177508
4631475 177657
4638475 177819
4645512 177986
4652512 178157
4659673 178314
4666857 178482
4674139 178637
4680960 178772
4688034 178926
4695000 179094
4702086 179250
4709258 179413
4716211 179572
4723471 179738
4730726 179910
4737824 180079
4744858 180241
4751917 180383
4759246 180512
4766570 180702
4773654 180849
4780513 181003
4787546 181158
4794408 181303
4801192 181454
4808094 181619
4815125 181788
4822106 181934
4829085 182078
4836202 182253
4843260 182397
4850429 182566
4857509 182739
4864470 182912
4871424 183055
4878727 183219
4885785 183341
4892906 183502
4899948 183652
4907013 183814
4913971 183933
4921411 184067
4928679 184228
4935882 184394
4942982 184549
4949941 184705
4957145 184856
4964148 185030
4971155 185175
4978271 185319
4985195 185479
4992351 185641
4999418 185784
5006490 185937
5013416 186093
5020295 186233
5027691 186375
5034737 186507
5041910 186647
5049114 186769
5056295 186897
5063327 187038
5070359 187189
5077850 187358
5085385 187538
5092630 187694
5099758 187857
5106844 188000
5114068 188193
5121271 188363
5128551 188505
5135586 188653
5142705 188796
5149913 188930
5157182 189090
5164128 189224
5171103 189359
5178131 189487
5185322 189627
5192637 189759
5199900 189878
5207064 190008
5214378 190149
5221891 190313
5229078 190441
5236279 190588
5243616 190717
5250545 190833
5257802 190969
5265007 191116
5272116 191259
5279227 191387
5286514 191542
5293362 191669
5300484 191813
5307451 191988
5314421 192134
5321696 192276
5328776 192421
5335995 192565
5343527 192710
5350744 192862
5357730 192976
5364929 193121
5371973 193284
5379109 193433
5386549 193586
5393767 193728
5400848 193873
5407918 194030
5415104 194180
5422244 194320
